# stack_train oracle ref (torch). deepest=block0 first-step grads.
INITIAL 10.3340047
FINAL 0.001126147918
RATIO 0.0001089749764
TRAJ 10.3340047 0.566148258 0.2920577656 0.2184938143 0.07545020765 0.01522792388 0.007619559894 0.003183887402
GRAD_g1 -0.6804470269 -0.6876785556 -0.6777096634 -0.6509377786 -0.6084302118 -0.5518816056 -0.4835463743 -0.406148828
GRAD_g2 2.168569548 4.209089235 5.52799452 5.468349089 4.228502767 2.735966231 2.026518202 2.557287104
GRAD_Wq -0.005580533013 -0.007016177432 -0.008431234948 -0.009769291684 -0.01097700354 -0.01200622286 -0.01281591791 -0.0133738087 -0.006205355874 -0.007162248956 -0.007923292417 -0.008458145856 -0.008745486354 -0.008773858553 -0.008542131342 -0.008059542954 -0.003066093129 -0.002963796371 -0.002609187026 -0.002016402249 -0.001209074499 -0.0002193893855 0.0009131974694 0.002143533402 0.001933020565 0.003032455322 0.004287616203 0.005648463904 0.007060745723 0.008468158439 0.00981459295 0.01104637116 -0.00399525143 -0.004839646123 -0.005619693879 -0.006304296657 -0.006866161504 -0.007282888642 -0.007537864474 -0.00762092392 -0.002889982013 -0.002582918106 -0.00198106338 -0.001108411883 2.465226663e-07 0.001300713126 0.002741142426 0.004264109053 -3.168828619e-05 0.001240573375 0.002859253583 0.004759820666 0.006866505012 0.009095319765 0.01135740911 0.01356259069 0.00284582713 0.004311549693 0.005965185689 0.007740809869 0.009567633701 0.01137282748 0.01308442383 0.01463418681
GRAD_Wk 0.0144054065 0.01210756827 0.008132805254 0.002639578702 -0.004153113775 -0.01197446896 -0.02051267411 -0.02942733793 0.02562961942 0.02129364804 0.01390714556 0.003764588539 -0.008729671291 -0.02307752721 -0.03870697549 -0.05499491935 0.02130724912 0.01756328664 0.01124559799 0.002606049484 -0.008010927342 -0.02018206713 -0.03342214493 -0.04720332065 0.004060187416 0.003179271238 0.001762621577 -0.0001332842176 -0.002432862363 -0.005044435937 -0.007863889741 -0.01077882105 0.02627748123 0.02346126202 0.01795807773 0.009987322932 -0.0001332335227 -0.01200011699 -0.02514023227 -0.03902972443 0.04426449467 0.03938101281 0.02993358691 0.01629885601 -0.0009796061691 -0.02121296188 -0.04359457108 -0.06723214964 0.03540125962 0.03141276967 0.02375178394 0.01272372175 -0.001231762858 -0.01755830875 -0.03560502806 -0.05465245504 0.005064095521 0.004389961963 0.003162467548 0.001430548604 -0.0007367487264 -0.003253021138 -0.006017952789 -0.008921314581
GRAD_Wv -0.2340788414 -0.2904363874 -0.3448860384 -0.3952570583 -0.4395413137 -0.4759733311 -0.5031006808 -0.519841881 -0.1223035533 -0.1507381421 -0.177902281 -0.2027130215 -0.2241812377 -0.2414510595 -0.2538339937 -0.2608363716 -0.009306248543 -0.009533771097 -0.009140982932 -0.008143543273 -0.00658121689 -0.004516288808 -0.002031081192 0.0007753285733 0.1037840412 0.1317658582 0.1597116489 0.1865073026 0.2110845613 0.2324636072 0.2497921252 0.2623792819 0.2157579127 0.2716822496 0.326923856 0.3792804233 0.4266646605 0.4671875075 0.4992334463 0.5215249065 0.3256150961 0.4089167896 0.4908912788 0.5682704995 0.6379695862 0.6972098563 0.7436295873 0.7753781709 0.432218841 0.5420655683 0.6499538783 0.7515826046 0.8429001306 0.9202659147 0.9805956272 1.021484113 0.5345039982 0.669798207 0.8025223535 0.9273851448 1.039408696 1.13412698 1.20776388 1.257383723
GRAD_Wo 5.68513317 5.993264728 2.665962324 -2.278477052 -5.841237367 -5.860397877 -2.324719674 2.621102289 0.337935698 0.3564321763 0.1587216793 -0.1352672585 -0.3472251627 -0.3485424516 -0.1384385662 0.1556402957 -1.303431658 -1.371983638 -0.608308753 0.5243580588 1.339057866 1.341409767 0.5300805037 -0.6027884807 0.6415926961 0.6807813884 0.3070172258 -0.2529794663 -0.6595627113 -0.666024691 -0.2684850303 0.291914047 2.538617105 2.680855101 1.196922366 -1.013047415 -2.608695308 -2.621775879 -1.044522382 1.166324375 3.974092923 4.193755647 1.869542469 -1.588710083 -4.083555999 -4.101107413 -1.630982101 1.828475067 5.825980292 6.147540559 2.740085215 -2.329469052 -5.986417494 -6.011695166 -2.390359218 2.680936555 5.32456802 5.620871348 2.50762954 -2.126706697 -5.471392723 -5.496848628 -2.187989916 2.448074119
GRAD_Wg 0.6183674636 1.255840354 1.713706808 1.755734742 1.402773597 0.9344511655 0.708662091 0.9193515477 0.2929905534 0.5568471876 0.7435883029 0.7539674136 0.5970556399 0.3909456886 0.2867176811 0.3664164432 -0.1038452228 -0.217090177 -0.2990641399 -0.3082082413 -0.2481151112 -0.1678295078 -0.1301417271 -0.1690419851 0.01980196971 0.05169100303 0.07628587077 0.08299023803 0.07253143863 0.05704240043 0.05210581313 0.06607671996 0.05957529474 0.1223434521 0.168035937 0.1739094421 0.1418921309 0.09874918332 0.07875979691 0.1004717739 -0.003887176193 -0.012367522 -0.01840626145 -0.01868920003 -0.0135226036 -0.006856665371 -0.003740080727 -0.006904780557 0.201675696 0.4617687949 0.6524978244 0.6795977146 0.5509453771 0.3772494395 0.30030109 0.3966951178 0.8216165049 1.710383382 2.352869552 2.422319234 1.947084676 1.312986953 1.013952872 1.317406982 0.8351788026 1.683123555 2.291732423 2.346747845 1.875943088 1.251378394 0.9492502145 1.227649011 0.2723674453 0.5018351566 0.6630225316 0.6690133552 0.5278843566 0.3433179303 0.2479316412 0.3138207067 -0.1209703317 -0.2434160442 -0.3312463006 -0.3390421803 -0.2708244113 -0.1803792455 -0.1365454577 -0.176635381 0.03794008334 0.08718756763 0.124174871 0.131841614 0.1114936406 0.08293114099 0.07154864942 0.09102344021 0.05501741743 0.1111800982 0.1519916567 0.1570851662 0.1281943528 0.08930163658 0.07112134077 0.0902780267 -0.01218555556 -0.02589514451 -0.03559941276 -0.03605621484 -0.02774896998 -0.01692375692 -0.01156796985 -0.0160146049 0.2491588768 0.5522210715 0.7737032097 0.8034829398 0.6508422205 0.4452707577 0.3526000432 0.4624655617 0.6576822415 1.357434287 1.862769552 1.916265395 1.540309765 1.038959571 0.8014597029 1.038595226
GRAD_Wu 0.5248197407 1.074995573 1.471118632 1.509925751 1.209242791 0.8094478728 0.6182276174 0.8022648942 0.3571842595 0.7007076373 0.9457701918 0.9642309687 0.76758506 0.507878719 0.3796772882 0.4885239302 -0.01256183963 -0.0458586165 -0.07146485149 -0.07801688449 -0.06632321513 -0.04945164437 -0.04417133799 -0.05946787969 -0.1046984351 -0.2144879012 -0.2929688486 -0.299062567 -0.2364474807 -0.1538527696 -0.1136297781 -0.1495807351 -0.0999310437 -0.2046130532 -0.2791432229 -0.2840838398 -0.223005828 -0.1427695583 -0.1033235572 -0.1371804623 -0.1182666546 -0.2401835054 -0.3272313987 -0.3337583313 -0.2638626601 -0.1717191145 -0.1266452255 -0.1662270705 0.04860768688 0.1326030608 0.1954618606 0.2074205523 0.1708204159 0.1203294818 0.1003807489 0.1348957483 0.5472582963 1.152616421 1.591211835 1.641027094 1.321213752 0.8936996492 0.6938286154 0.9031033533 0.7348765607 1.493783749 2.039826538 2.092605659 1.676743265 1.123900491 0.8586055746 1.110869564 0.3830195495 0.7414599751 0.9965678326 1.01439003 0.8070059838 0.5334824194 0.3973570199 0.5090804837 -0.05317404168 -0.1264035348 -0.1805425359 -0.189347242 -0.1549563714 -0.1080847057 -0.08808402452 -0.1161867211 -0.110413693 -0.2250661786 -0.3069146674 -0.3129927404 -0.2471605687 -0.1604116694 -0.1179917196 -0.1552782747 -0.09951388462 -0.2038528227 -0.2782262899 -0.2834029665 -0.2229237353 -0.1433813359 -0.1043852022 -0.1382602073 -0.1050624617 -0.2107389307 -0.2861366363 -0.2917079175 -0.2310064456 -0.1509695328 -0.111655123 -0.1456345173 0.0938097039 0.2217467657 0.3160746627 0.3307358893 0.2695180419 0.186392548 0.1504981372 0.1991522308 0.4605632684 0.9603900357 1.322134132 1.362374517 1.096972118 0.7423965558 0.5757865628 0.7471713967
GRAD_Wd 3.163115584 0.8663462993 0.04792154205 0.4939716492 0.4606856636 0.2123809907 0.1248840955 2.383617828 2.972762913 0.5413352183 0.1336005245 0.506784688 0.4416953659 0.1465931446 0.3075216707 2.719405268 0.1600203342 0.1190263734 -0.01429054272 0.02973900031 0.04933304722 0.03384589404 -0.02277526232 0.01528145932 0.1730404475 0.09350594956 -0.01517493028 0.03645776487 0.04845111967 0.02917298662 -0.03149958859 0.04058499631 1.722035751 0.5144196438 0.01653164051 0.2713623683 0.2652524919 0.1286618012 0.05133130455 1.237665329 1.63130409 0.332294846 0.06020574722 0.2817523412 0.2549783065 0.09212061538 0.1405168631 1.425220682 4.990139634 1.327267806 0.08435698927 0.7766366551 0.7129242662 0.3228771 0.2122500448 3.815661815 4.67795258 0.8192870866 0.2222573586 0.7936451224 0.6829361918 0.2198166573 0.5098033917 4.341039305 3.291489792 0.8938508555 0.05149927393 0.5131794798 0.4762515451 0.2185114379 0.1327645624 2.49092832 3.091127276 0.5565440187 0.1411841987 0.5258421682 0.456509001 0.1502440241 0.3246062833 2.839522803 -0.07533538808 0.04943762152 -0.01700132399 -0.00863202707 0.01144605948 0.01592157787 -0.03070780645 -0.1555562172 -0.04960622681 0.04859765507 -0.0238954071 -0.003488002251 0.0120662983 0.01644086793 -0.05195904313 -0.1556882056 1.517675372 0.4467434658 0.01567295764 0.2370780735 0.2291109838 0.1106482163 0.0469925424 1.099204736 1.435831718 0.2868745768 0.05463849705 0.2454312017 0.2201705207 0.07882753416 0.1269656077 1.263921106 4.541508153 1.194019952 0.07959300844 0.7047037117 0.6422556467 0.2890470483 0.1979523221 3.491474406 4.253281314 0.7332722756 0.2060726582 0.718859945 0.6150389343 0.1956978435 0.4719230627 3.968191693
