ce_logits -2.31041180 -0.37325086 -1.06081668 0.99950935 -0.88402500 -1.27554693 -0.62322458 -0.86644160 -1.29562714 1.52363162 0.32366057 2.01772603 1.13574234 -1.22688134 0.07138847 0.33801740 0.15351884 -0.63327461 -1.26092466 -1.21768778 -1.26546531 -1.11953518 1.16648572 0.92623246 0.79701002 0.21166418 0.13557114 1.87277638 -0.30991497 0.24018023 -1.34876103 0.24439909 -0.01372070 -0.19960823 -1.65642469
ce_target 3.00000000 0.00000000 6.00000000 1.00000000 4.00000000
ce_dlogits 0.00390674 0.02710898 0.01363036 -0.09302177 0.01626623 0.01099641 0.02111305 -0.19522034 0.00311174 0.05216658 0.01571273 0.08550172 0.03539437 0.00333319 0.04266675 0.05570383 0.04631891 0.02108911 0.01125831 0.01175576 -0.18879269 0.00380273 -0.16259737 0.02941450 0.02584883 0.01439556 0.01334079 0.07579495 0.02649173 0.04592124 0.00937444 0.04611539 -0.16437574 0.02958121 0.00689174
nll_logprobs -3.82022571 -3.74224483 -0.32291806 -2.25102486 -2.20718570 -4.19690509 -0.89857844 -1.94661091 -1.55706122 -2.39476233 -2.46419002 -2.76353706 -2.30619886 -2.56088553 -1.53339934 -2.73351915 -1.15700766 -1.47881434 -2.12790082 -2.81844789 -1.69320010 -2.23452690 -1.08675288 -1.64541902
nll_target 2.00000000 5.00000000 0.00000000 3.00000000
nll_dlp 0.00000000 0.00000000 -0.25000000 0.00000000 0.00000000 0.00000000 0.00000000 0.00000000 0.00000000 0.00000000 0.00000000 -0.25000000 -0.25000000 0.00000000 0.00000000 0.00000000 0.00000000 0.00000000 0.00000000 0.00000000 0.00000000 -0.25000000 0.00000000 0.00000000
bce_pred 0.80229699 0.14527035 0.81983000 0.59141776 0.56990780 0.63653248 0.65273274 0.79361979 0.38890080 0.40004314 0.81570418 0.44448807
bce_target 1.00000000 0.00000000 1.00000000 1.00000000 1.00000000 1.00000000 0.00000000 1.00000000 0.00000000 1.00000000 0.00000000 1.00000000
bce_dpred -0.10386844 0.09749672 -0.10164709 -0.14090435 -0.14622248 -0.13091765 0.23996887 -0.10500410 0.13636630 -0.20831087 0.45217159 -0.18748160
embed_idx 2.00000000 5.00000000 2.00000000 9.00000000 0.00000000 5.00000000
embed_gradout -0.94712063 0.67087477 -0.47831565 2.19764271 0.13651184 0.89424152 -1.96641879 1.48648476 1.28645793 -0.73212001 -1.11003746 -0.13217501 1.45050924 0.11680004 0.02990557 0.85361951 0.22262710 -0.36295315 0.54616870 0.59861168 0.38070909 -0.10303498 -1.28689014 1.41450464 0.78685056 1.29057351 -2.25764088 0.99986896 1.29476893 0.80439635 0.90720916 -0.21521353 -0.52264655 -0.02515569 1.76076875 0.70853233 -0.66847159 -0.82578253 0.30120351 -0.89039694 0.13550044 -0.82710045 -0.93828285 -1.06075777 -1.55159556 -0.31474492 0.25386456 -1.01977092
embed_dtable -0.52264655 -0.02515569 1.76076875 0.70853233 -0.66847159 -0.82578253 0.30120351 -0.89039694 0.00000000 0.00000000 0.00000000 0.00000000 0.00000000 0.00000000 0.00000000 0.00000000 -0.72449353 0.30792162 0.06785305 2.79625439 0.51722093 0.79120654 -3.25330893 2.90098941 0.00000000 0.00000000 0.00000000 0.00000000 0.00000000 0.00000000 0.00000000 0.00000000 0.00000000 0.00000000 0.00000000 0.00000000 0.00000000 0.00000000 0.00000000 0.00000000 1.42195837 -1.55922046 -2.04832031 -1.19293278 -0.10108632 -0.19794488 0.28377012 -0.16615140 0.00000000 0.00000000 0.00000000 0.00000000 0.00000000 0.00000000 0.00000000 0.00000000 0.00000000 0.00000000 0.00000000 0.00000000 0.00000000 0.00000000 0.00000000 0.00000000 0.00000000 0.00000000 0.00000000 0.00000000 0.00000000 0.00000000 0.00000000 0.00000000 0.78685056 1.29057351 -2.25764088 0.99986896 1.29476893 0.80439635 0.90720916 -0.21521353
