cat_d0 -0.15000000 -0.05000000 0.05000000 0.15000000 -0.10000000 0.00000000 0.10000000 -0.15000000
cat_d1 -0.05000000 0.05000000 0.15000000 -0.10000000 0.00000000 0.10000000 -0.15000000 -0.05000000 0.05000000 0.15000000 -0.10000000 0.00000000
split_dx -0.15000000 -0.05000000 0.05000000 0.15000000 -0.10000000 0.00000000 0.10000000 -0.15000000 -0.30000000 -0.10000000 0.10000000 0.30000000 -0.20000000 0.00000000 0.20000000 -0.30000000 -0.10000000 0.10000000 0.30000000 -0.20000000
slice_dx 0.00000000 0.00000000 0.00000000 0.00000000 -0.15000000 -0.05000000 0.05000000 0.15000000 -0.10000000 0.00000000 0.10000000 -0.15000000 -0.05000000 0.05000000 0.15000000 -0.10000000 0.00000000 0.00000000 0.00000000 0.00000000 0.00000000 0.00000000 0.00000000 0.00000000
reshape_dx -0.15000000 -0.05000000 0.05000000 0.15000000 -0.10000000 0.00000000 0.10000000 -0.15000000 -0.05000000 0.05000000 0.15000000 -0.10000000 0.00000000 0.10000000 -0.15000000 -0.05000000 0.05000000 0.15000000 -0.10000000 0.00000000 0.10000000 -0.15000000 -0.05000000 0.05000000
transpose_dx -0.15000000 0.15000000 0.10000000 0.05000000 0.00000000 -0.05000000 -0.10000000 -0.15000000 0.15000000 0.10000000 0.05000000 0.00000000 -0.05000000 -0.10000000 -0.15000000
permute_dx -0.15000000 0.10000000 0.00000000 -0.10000000 -0.05000000 -0.15000000 0.10000000 0.00000000 0.05000000 -0.05000000 -0.15000000 0.10000000 0.15000000 0.05000000 -0.05000000 -0.15000000 -0.10000000 0.15000000 0.05000000 -0.05000000 0.00000000 -0.10000000 0.15000000 0.05000000
broadcast_dx -0.30000000 0.00000000 0.30000000 -0.10000000
repeat_dx -0.05000000 0.00000000 0.05000000 -0.10000000 -0.05000000 0.00000000
where_da -0.15000000 0.00000000 0.05000000 0.00000000 -0.10000000 0.00000000 0.10000000 0.00000000
where_db 0.00000000 -0.05000000 0.00000000 0.15000000 0.00000000 0.00000000 0.00000000 -0.15000000
clamp_dx 0.00000000 -0.05000000 0.00000000 0.15000000 0.00000000 0.00000000 0.00000000 0.00000000 -0.05000000 0.00000000 0.15000000 0.00000000 0.00000000 0.00000000 -0.15000000 0.00000000
max_da 0.00000000 -0.05000000 0.00000000 0.15000000 0.00000000 0.00000000 0.00000000 -0.15000000 0.00000000 0.05000000 0.00000000 -0.10000000 0.00000000 0.00000000 -0.15000000 0.00000000
max_db -0.15000000 0.00000000 0.05000000 0.00000000 -0.10000000 0.00000000 0.10000000 0.00000000 -0.05000000 0.00000000 0.15000000 0.00000000 0.00000000 0.10000000 0.00000000 -0.05000000
min_da -0.15000000 0.00000000 0.05000000 0.00000000 -0.10000000 0.00000000 0.10000000 0.00000000 -0.05000000 0.00000000 0.15000000 0.00000000 0.00000000 0.10000000 0.00000000 -0.05000000
min_db 0.00000000 -0.05000000 0.00000000 0.15000000 0.00000000 0.00000000 0.00000000 -0.15000000 0.00000000 0.05000000 0.00000000 -0.10000000 0.00000000 0.00000000 -0.15000000 0.00000000
cast_dx -0.15000000 -0.05000000 0.05000000 0.15000000 -0.10000000 0.00000000 0.10000000 -0.15000000 -0.05000000 0.05000000 0.15000000 -0.10000000
index_select_dx -0.15000000 -0.05000000 0.05000000 0.15000000 0.00000000 0.00000000 0.00000000 0.00000000 -0.15000000 0.05000000 0.25000000 -0.25000000 0.00000000 0.00000000 0.00000000 0.00000000 0.00000000 0.10000000 -0.15000000 -0.05000000
